700
3387 504 3875 1549
2415 1317 2617 2261
1167 1528 4113 1690
3539 432 4939 1699
397 1214 841 2007
1515 574 3325 970
2215 553 2309 1558
3401 423 4205 1769
483 918 4267 1777
1197 227 4589 362
2291 1345 3593 1405
4609 1246 4815 1433
2323 185 3587 1183
377 330 3421 400
1129 628 4031 2281
575 974 3913 1944
3115 1895 4995 1956
2475 927 4929 2239
2285 190 2403 1053
825 43 4593 506
1775 104 3833 786
1259 588 3317 1806
1277 413 4073 2439
329 2133 3107 2400
1573 1563 3357 1957
3189 872 3679 1757
3955 126 4219 878
1057 761 4525 1308
2455 1170 4179 2112
4793 1240 4825 2416
845 388 2591 728
251 850 4967 1190
1391 1134 1543 1934
3817 155 4583 2387
477 608 2473 772
573 258 4977 1712
159 2326 1447 2338
963 1720 1433 2121
5 1086 3005 2383
551 551 827 2260
821 709 3639 1985
1505 35 2817 1314
3085 164 3881 2283
2997 1015 3503 1113
867 197 3437 968
1419 226 1593 304
1477 583 4069 1899
1833 306 4557 1419
717 89 3225 1217
297 2069 1309 2158
2313 480 3907 2497
1271 78 2281 1649
475 1005 4185 1380
777 419 4665 564
1451 1662 2335 2340
221 642 737 984
1611 758 2593 923
4339 1290 4937 1660
3333 571 4385 2079
1119 1513 1215 1650
3161 465 3871 1810
183 383 1955 433
2169 100 3911 818
345 145 3621 285
935 492 1131 570
1829 2082 3827 2163
1985 167 2053 842
523 193 2599 1150
2193 374 2883 1696
353 790 1037 1004
4137 634 4199 1257
1615 668 2861 1741
2409 308 3743 1894
2139 979 4543 1796
427 511 2969 2196
1423 2221 4353 2289
2167 794 3689 1385
3749 77 3927 1082
3043 1381 3349 1755
1805 421 3859 2169
2561 1006 2739 2048
4261 329 4599 2441
691 834 3705 1208
171 822 529 2484
2007 418 2399 2366
707 345 3851 1875
1441 778 2089 2037
3 1742 3649 1993
385 1254 2231 2189
2725 233 3445 2114
243 641 3937 1760
261 631 3709 1745
3541 429 4043 471
127 1157 4365 1418
2337 1547 3701 2330
217 931 1123 1061
2569 830 4989 1609
1799 743 4081 1674
3147 1101 4769 1492
789 1853 3241 2125
73 337 4319 1135
2501 797 3569 1486
785 1794 863 1873
685 1023 3051 1100
3931 636 4131 1854
1229 169 4455 1954
675 12 1459 1283
495 340 1973 697
91 44 4639 1111
1647 257 4527 1434
2733 983 2749 1815
1591 993 4877 1890
1835 1754 3073 2472
927 586 2147 2028
3335 58 4791 2056
1663 1067 3047 1591
89 16 1203 839
2461 792 2713 1173
2279 676 4295 980
1783 1458 2499 2296
3641 151 4299 739
1 124 1089 1161
1689 300 4161 442
2203 310 2717 1868
1679 524 4703 1700
671 159 4397 2332
1009 1025 1975 1826
1395 1411 2417 1505
1217 384 4715 840
433 205 1897 339
729 759 2463 2476
4367 584 4797 2362
1111 2042 4025 2494
711 705 819 2452
4247 73 4383 664
1365 55 2359 1883
767 1537 4843 2290
1047 741 1785 2325
2625 192 3165 717
257 508 2677 2409
197 372 3967 748
2911 986 3361 2004
1435 27 4189 2054
2641 1530 2891 2131
1427 493 4979 747
2493 1408 2587 1638
125 75 493 1264
2485 649 4679 1216
441 331 609 1551
585 82 1059 1926
1415 162 3997 334
4089 554 4119 561
2013 1130 3207 1630
83 1021 3405 1726
907 217 2907 1803
2031 2200 2939 2434
177 877 3023 1577
2353 214 4403 994
2245 327 3329 987
2343 1765 4555 1902
2821 957 3201 1832
2435 529 4023 2380
581 814 4753 2450
2283 1289 4439 1874
3525 365 4351 469
249 1878 463 2350
2601 706 4149 1297
237 630 1437 2208
1073 1303 3887 2245
2711 120 2773 1187
517 441 4275 1188
1949 171 2567 995
3953 746 4941 2000
1915 399 4495 2232
2759 1341 3727 2444
719 616 851 847
1003 48 4833 401
371 448 4217 1242
761 507 2559 1249
1143 615 3289 1166
3707 1375 4093 2177
1113 278 2723 1120
995 368 4035 838
3123 2308 4045 2309
2719 1365 3019 1791
1869 950 3037 2161
1867 1337 4225 2148
2229 576 4485 1979
1551 1424 3993 1562
191 1559 3777 1644
803 1517 4183 2071
3835 789 4133 2090
103 335 3917 487
2585 1736 4341 1972
1287 1143 4447 2373
1071 734 4911 1862
1625 1117 4507 1600
213 1350 4107 1421
13 111 3411 1728
31 1807 4691 1928
151 992 4635 2475
247 999 4823 1839
2787 109 4983 2258
883 887 3675 1008
2665 1426 3585 1974
791 184 2541 658
621 530 3573 2432
1475 782 4307 1573
105 579 3399 2101
3451 367 3779 1265
3653 287 4297 463
195 133 1933 809
2839 478 3527 1781
853 2102 2623 2182
283 773 2449 825
375 170 2081 1438
55 1595 3991 2159
1577 422 4255 1820
1845 693 2429 1504
181 360 3845 443
973 2210 2479 2294
2987 509 3025 904
149 601 305 1066
2663 954 3295 2246
3493 1159 4899 1260
215 1284 4413 1319
757 455 2091 1541
1493 828 2551 2481
1503 357 3717 1811
1019 784 4405 1034
147 736 2819 2381
1463 1085 4563 2179
267 606 2795 2369
1509 732 3829 2454
541 462 2205 1322
2035 1065 4577 2019
2325 617 3977 1848
2825 378 3719 2396
219 352 3761 1483
515 1739 2863 2072
999 153 2615 1255
3889 1887 4077 2477
1155 2157 3697 2382
1571 925 3455 2353
2533 1633 3861 2126
4907 1611 4921 1647
1745 862 3987 2117
2743 573 4603 1189
4721 1508 4767 2255
615 96 2827 2224
2947 19 4047 209
2261 981 4569 1570
3163 1771 4421 2144
2453 382 4959 803
533 2077 3857 2150
2349 1042 2995 1443
437 315 1021 1454
1755 1729 3775 2087
291 934 3843 2181
1285 1462 3039 2134
1837 144 1983 252
527 37 1323 976
3055 1941 4371 2067
2157 1856 3351 2334
203 1446 4523 1515
555 407 3491 1237
3365 1122 3561 1295
3279 314 4481 801
1013 1178 4453 2244
117 1051 4041 2066
2881 1686 3831 1780
4207 1487 4861 2259
3781 756 4473 2365
1661 1262 2835 2139
1231 189 4177 2269
1947 293 3497 2300
607 97 679 1153
1757 1114 3957 1201
3175 261 3735 1052
1623 1231 2975 1544
923 720 1705 2293
3711 9 4173 559
153 395 4433 2500
1905 174 4349 1693
2959 459 4075 2480
391 826 2515 1014
3425 1133 4287 2485
3171 1090 3381 2113
519 1784 1153 2252
139 846 2109 971
1431 499 1953 2397
657 1299 1011 2237
3305 1460 4817 1912
1135 1490 2671 1695
1377 1311 1957 1442
461 1234 1669 2419
3117 865 4511 996
631 656 4755 1347
1053 240 1941 1357
1367 604 2371 725
997 1149 1595 1318
525 202 3393 277
933 1263 977 1727
1425 316 1533 1550
659 1694 2225 2251
1581 919 2843 1104
1885 129 4737 1474
929 1158 1715 1435
1227 249 2177 1328
161 358 1903 539
403 2469 947 2486
2509 674 2957 2202
645 45 4853 1576
1169 1417 4869 2107
23 643 1827 1294
2767 776 3671 1565
1225 621 1899 1707
3771 221 4733 890
1237 1123 2535 2360
831 74 2209 537
913 597 4305 1422
1183 1361 4729 2363
1413 333 2849 626
725 935 2691 2165
1149 182 4211 964
2369 1211 4037 2250
3269 130 4905 168
625 638 4213 1938
1585 832 2103 2491
1375 2234 1911 2248
2087 404 4617 1719
2445 1783 4491 2414
1257 613 4575 1285
3895 1028 4671 2274
2121 408 4831 1093
1929 183 2813 2059
4565 281 4675 2039
435 1330 2547 1481
1607 1543 3129 2299
903 975 3185 2149
2525 1561 3311 1852
1813 910 3489 1636
1177 201 3877 246
623 884 2051 2235
2575 21 4807 1677
2277 1465 4315 2116
2851 788 4943 1829
669 90 3327 417
1245 324 1539 458
2027 225 3389 1880
44 2621 3808 4666
1006 3977 1930 4269
4288 3259 4634 4589
466 3230 1424 3686
4560 3428 4966 4316
1824 2775 1918 3182
914 3100 1264 4142
870 2934 2958 4014
304 3816 4064 4260
3622 3225 3782 4951
3540 3097 4506 3979
3250 3262 4176 3408
1444 3550 4684 4233
234 2534 2940 3048
1476 3487 3708 4304
1508 4429 2798 4705
4168 2735 4542 3763
826 2710 3584 4586
964 4305 3662 4916
2266 3706 2482 4206
276 2766 2062 3314
874 3125 1222 4074
2426 2881 3946 3547
2952 3268 4350 4724
468 3930 2826 4419
3668 3158 4824 4880
116 2750 3024 4364
2112 2705 4334 4378
8 2748 632 3619
2700 3342 4358 4071
3380 2920 4414 4952
1060 3918 4938 4846
924 4101 4420 4282
294 2712 4822 3519
2628 2627 4360 3980
2046 3432 4880 4299
3298 2657 4638 4445
110 2639 266 3868
1322 2607 1638 3227
3880 2958 4974 4076
254 3486 4392 4420
2732 3462 3326 3526
910 2614 1016 2819
2570 3206 3036 4782
350 3032 4348 4367
1518 2936 4968 3629
986 2830 2292 4672
3118 2558 4108 3102
3598 3023 4000 3876
2896 2938 4982 3733
352 3079 1706 4283
262 2840 3028 4682
612 2784 980 4635
1882 4461 2904 4544
1784 3065 3928 3088
2182 3405 2226 4557
332 2535 4220 3134
2736 3243 4700 4954
338 4110 2774 4137
3506 3221 4370 4938
1826 2510 4082 4998
1196 3233 4550 4088
1494 2635 2176 4201
2776 4377 3434 4658
2450 2970 2606 4054
1754 4243 3094 4849
2654 3114 4380 3737
1116 4108 1548 4696
736 2974 1320 3680
706 3543 4110 4575
314 2740 1862 4079
2164 2566 4676 3414
146 3524 1616 4224
3210 3714 3852 4404
302 3904 2856 4203
1916 3842 4892 4904
1316 2846 3564 4622
2902 4078 3300 4185
1966 3772 4548 4355
2506 3605 4442 4551
3464 2628 3538 4542
1514 3622 1730 4164
2484 4155 4384 4456
2746 2526 3220 2557
1836 3196 2620 3843
428 3231 3356 4481
4632 2544 4866 3819
780 3313 4072 3590
3068 2963 4592 4188
1392 4554 4068 4648
1578 3549 3762 4814
960 2905 3706 3566
356 4773 3530 4824
2838 2847 4094 4112
408 3144 840 4240
260 2631 1112 3423
1156 3078 2870 3545
1152 3186 3280 3210
544 3799 4696 4407
2478 2576 4116 4208
208 2793 2074 2999
1664 2885 3080 4707
216 3226 4422 3251
2304 3310 3750 4986
1704 2588 4198 4447
1630 2975 3994 3866
3276 4109 3346 4536
650 3267 3666 3492
220 4051 904 4994
4230 4132 4662 4621
2840 3291 4204 4223
1682 3589 3058 4312
14 4219 2614 4247
3304 3192 4820 3812
2136 3017 3098 3947
3078 4221 4834 4844
326 2862 3204 3561
424 3845 4778 4317
3392 3448 3936 4680
2738 2664 3242 4774
3798 2586 4722 4720
398 2716 1922 2918
3144 3782 4602 4482
1894 2652 2388 3046
1838 3083 3866 4525
618 3407 2910 3429
926 3594 4958 3652
1486 3181 3672 4718
382 3396 992 3455
858 3657 1030 4098
1588 2583 3474 4694
1852 3556 4328 4974
3730 4308 4172 4389
592 2713 1830 4138
1942 3969 2110 4895
806 3776 4928 4213
614 2859 1340 4057
438 2774 4210 3942
1330 3024 4810 4062
2386 2680 3696 3627
1022 3958 3112 4470
1982 2704 2970 3285
1232 2574 3548 3001
3368 3021 3942 4796
2784 3461 4040 4899
648 2990 1984 4543
54 3232 1700 4977
766 2891 4744 4764
386 4948 3382 4991
1150 2752 1484 3895
2252 2663 3470 3307
2352 3612 4706 3628
2678 3851 3594 4533
2318 3649 4476 4616
2824 2665 4980 3354
18 3266 4052 3731
4150 3480 4854 4151
1870 3685 4032 4194
878 3146 4804 3653
1118 2967 2058 4767
3134 3669 4836 4214
1992 4418 2002 4751
2988 4184 3070 4186
2122 2655 4740 3898
944 3161 3132 4816
2742 2523 2822 3739
1350 3056 2020 3130
890 2803 1230 4452
580 4145 2170 4632
798 3290 4716 4281
2740 2559 4302 4176
3686 2731 3976 4983
3338 2651 3634 3727
646 3410 2390 4634
3394 4081 3714 4876
2194 2764 3468 4670
1924 3751 4146 3914
596 3695 1066 4971
1806 2923 3170 4883
1342 3981 4628 4793
4720 3264 4758 3360
1418 2821 3514 3597
2496 3449 3804 4836
1770 3355 2842 3637
2116 2834 4362 2993
2440 4479 4010 4878
3616 2501 4578 2895
570 3103 3728 3422
1280 2983 4668 3025
3038 3635 3172 3850
1212 3335 3010 3725
1684 3214 2142 4031
292 3019 3742 3252
4018 2542 4484 2679
1074 3133 2222 3744
344 3701 912 4962
3266 4302 3654 4752
394 2966 3910 4019
1736 2756 4276 3170
774 3433 3786 4825
1632 2811 4826 4765
764 2517 3770 3991
3004 4472 3424 4678
1610 3797 2148 4408
670 4400 1926 4611
1958 3015 2178 3108
1014 4187 1678 4446
854 3670 3104 4135
3604 2524 3772 3749
1910 2899 1960 3944
820 3457 862 3475
38 3897 716 4152
3322 3123 3780 3512
1142 3707 3214 4392
1288 3502 4794 3886
4374 2987 4708 3190
3110 4433 4154 4587
856 3163 3926 4210
804 3039 1182 3919
1328 3071 3932 4388
286 4082 2244 4211
306 2699 3282 4294
144 4466 2494 4758
3232 2646 3996 4875
3030 4371 4396 4848
1468 4047 2006 4894
558 2662 2364 2956
108 3638 324 4406
1746 3191 1832 4385
1378 3162 1796 3207
3054 3385 4250 4657
284 3327 1202 3667
730 2842 3872 4841
1450 2508 4534 3156
2900 3403 3320 3984
3236 3506 4870 4077
1104 3104 3736 4067
1024 3735 3138 4102
2124 4036 3096 4150
2260 2818 3980 2836
2394 2591 2420 4278
244 2939 3524 4197
464 2611 1876 4550
264 2789 4054 3754
4304 3388 4536 3840
4166 3254 4742 3325
2384 2950 2396 4134
750 2519 2770 3880
226 2877 2080 4222
1216 2761 2224 3472
88 3304 1908 3334
224 2889 3754 2953
590 3513 3422 4311
1520 3490 2144 4013
1248 3720 4238 4730
1380 2849 4300 4425
756 3541 2410 4784
142 3297 932 4958
664 2671 1244 2822
842 4502 1906 4874
830 4523 2608 4980
182 2696 2082 3501
1166 3011 3542 4335
938 3054 1414 4488
2132 3559 2978 4781
2524 3511 2828 4384
2044 2965 4402 3795
2418 2778 2612 3440
4434 4321 4912 4568
70 3528 1550 4787
534 2866 2876 4708
2298 3404 2646 4411
1780 3302 2682 3922
1972 3091 3438 3160
818 3603 4008 4703
3390 3415 4510 4093
3690 2673 4900 4442
2882 2851 3964 3315
184 3119 404 4163
3502 3757 4570 3764
132 3598 860 3676
928 2722 4500 4347
96 2892 3262 4638
2028 2522 3490 4168
1140 3802 4156 4416
2636 3592 4894 4128
348 3834 2528 4982
4352 3786 4622 3822
1208 2913 1774 3825
2190 3357 4874 4487
556 2864 4604 3069
1800 3785 4652 4428
682 3562 4626 3890
4160 3738 4564 3865
958 2843 1672 4950
4482 2909 4996 3240
2702 3820 3260 4455
630 4492 4372 4790
2114 3953 4444 4293
2060 2760 4452 4090
1726 2772 3292 3530
2720 4513 3890 4933
1920 4387 4812 4591
1088 3613 4042 4804
2990 3771 3226 4867
1840 2779 2308 3818
2780 3183 3370 4590
418 3847 2634 4280
1740 2550 3566 2603
122 2617 1540 4909
2846 3401 4318 3563
2000 2797 4090 3152
4376 2650 4498 3375
946 3222 1912 3332
808 2890 4404 3515
1582 2569 2264 3101
492 3721 4808 4130
1114 3288 4800 4020
2342 4118 2962 4815
1558 3033 4714 3289
2022 3418 4984 3896
476 3166 3246 3540
1884 3523 2118 4607
84 2554 3180 2573
588 3215 3734 3610
3238 3348 3712 3912
2956 2912 3436 3219
586 4041 660 4619
204 2959 4920 4695
310 3188 3562 3369
746 3164 2810 4089
770 2800 3908 3452
4128 3588 4762 4230
3606 4159 4490 4473
1158 3729 3508 4613
1976 2520 4022 3217
778 4091 4006 4276
1712 2669 4856 4917
2378 2660 4768 2972
2066 4195 4310 4258
2920 2960 3162 4792
700 3238 3582 3658
1312 3392 1792 3624
1764 3185 2270 3616
52 3311 1688 3734
2548 3141 3748 4552
572 2903 3536 3460
2724 3002 3640 3647
24 3374 984 4967
2832 3663 3404 4248
