700
2153 173 3729 1033
711 829 1663 1120
1023 1305 4773 2434
83 1776 2043 1926
3227 1664 4749 1673
3923 255 3977 443
1785 1706 3101 1941
7 1655 889 2496
3211 140 3689 505
2351 22 2619 993
2045 152 3359 604
561 730 2027 781
483 1737 4221 2401
1123 106 3631 1782
1185 983 3817 1130
4013 248 4119 1638
4791 1634 4905 2497
75 637 4943 1963
1501 743 2301 1242
41 187 4429 906
165 876 1487 1863
1601 2264 3741 2460
1755 417 3099 625
719 242 1789 2333
85 52 3697 500
3061 838 4207 1478
1237 347 3251 712
445 190 2975 750
2055 34 2449 96
3053 529 4995 1103
731 1256 2867 1388
3017 1382 3185 2169
335 2202 1829 2375
2345 109 3015 180
851 1764 2705 1798
3847 25 4211 793
3263 1181 4045 1742
2103 440 3881 1515
515 1621 4543 2173
415 1459 2285 2081
723 191 4317 716
1981 583 3707 1116
4625 480 4955 2301
2267 469 2623 956
1927 854 2913 2031
2193 562 3389 2211
671 1681 1099 1719
2385 847 4515 1975
3515 288 4027 2470
3243 56 3815 895
3501 644 3665 2336
2069 901 2159 1747
2369 356 3345 2442
1097 1427 3151 2136
551 1972 2201 2205
2547 1762 4841 2209
2397 202 3533 2281
583 1094 3739 1330
1177 212 2053 1402
1077 444 3019 2028
2633 577 3369 2469
213 1447 1773 1817
2291 1456 2621 2179
675 756 2625 2146
631 818 1127 1308
3887 1254 4777 1500
617 908 2241 1812
917 371 4959 2055
975 1754 2863 2203
2585 2052 3569 2090
1959 765 3301 2337
1319 445 3023 1573
3233 2083 4765 2319
417 311 1083 1505
221 479 355 729
1345 51 3927 1157
183 373 3081 1827
2071 2041 2173 2326
2809 315 3721 2422
181 960 3979 1346
237 78 601 438
195 594 3237 2306
1277 568 4305 2452
967 296 3527 1303
2293 114 3819 2022
531 585 4407 700
2737 1878 3273 2416
1119 230 3463 1809
2019 1484 3833 1795
1577 148 1783 2367
449 86 4009 161
1671 1692 3601 2318
1555 1338 2717 1480
1493 87 4311 822
2035 857 3037 1701
765 413 1327 1173
581 1275 1749 1654
939 642 2411 1065
779 45 1815 1383
1861 1137 4687 2390
1141 1364 2957 2378
2049 1994 3125 2408
3971 325 4885 1697
2213 1283 2905 1398
2629 1282 3405 1964
881 1588 2883 1880
3183 2103 4779 2322
2587 741 4051 2129
2227 1842 2321 2017
1211 1558 3745 1787
1821 171 3751 1587
383 2 575 1114
1431 891 4803 1550
47 156 503 489
1935 1542 2523 1781
327 830 2759 1390
1313 418 1705 874
1515 862 3949 968
277 1423 4401 1906
1497 2398 1727 2421
3455 1473 4587 2270
4593 809 4871 1310
129 7 141 1143
1531 309 4887 976
2265 1413 3275 1660
4327 584 4639 951
3249 95 3953 172
3693 233 4277 773
789 962 2365 1807
3849 176 4095 251
3285 332 3967 1936
1819 1199 4913 2172
3159 582 4285 1012
3097 1779 4395 2400
1559 737 3221 2139
1451 754 4253 1605
1107 1560 1517 1623
1239 1586 2583 1746
1853 432 3379 1075
3821 1358 3969 2344
3719 339 3733 1743
3517 447 4555 2439
223 2201 4745 2485
2373 26 4237 2232
1863 246 2003 433
541 1531 2323 2433
2233 293 3755 1429
2917 256 3363 2177
2743 1177 3265 2143
1117 713 3619 1042
81 2427 2765 2494
4229 1514 4487 2156
233 799 3063 2386
2533 396 3961 974
1481 1710 4731 2233
179 1171 3049 1570
2061 837 4421 2271
347 217 1621 1262
1071 624 1781 2004
2155 1590 4085 1953
4373 300 4653 2348
2611 532 2783 2357
2343 705 3423 2181
673 126 1507 2407
1681 852 3871 1468
813 1898 1709 2247
55 1178 1841 1312
2305 949 3033 2490
1133 543 2857 1579
1191 253 3397 2163
2143 1226 4393 1955
1685 134 2565 1770
957 856 1209 1907
2453 472 4851 979
795 777 2753 1189
3291 1092 3823 1547
1913 875 2469 1160
2141 1041 4497 1859
587 1241 1691 1900
533 220 2703 1072
201 1947 4533 2178
1925 98 4165 169
409 632 3737 2006
2977 1290 4627 1990
2529 627 4949 1210
291 1756 659 1909
359 749 3557 1796
2013 1767 3087 2266
97 667 1889 1205
1391 645 3677 650
2961 2152 3853 2498
4091 54 4849 333
1461 1132 1573 1716
1273 398 1721 2066
2125 1010 4741 1219
513 2062 1993 2423
2647 448 3839 1668
615 506 1965 1970
805 468 4539 1604
613 1322 3845 2119
557 183 4619 1258
3271 943 3799 1946
2101 1084 4507 1399
1435 938 1857 2199
399 1924 2461 2098
1741 1545 2337 2009
1561 680 2915 2254
2011 103 3069 2073
1793 554 1971 1343
911 967 3885 1552
93 1351 2697 1416
3919 1971 4495 2351
539 695 3629 2315
945 363 1945 1910
1175 181 1503 812
853 393 2861 1331
1087 607 1585 2409
1823 116 3607 1081
633 2074 2893 2278
859 559 941 735
1707 1723 3775 1775
4415 912 4903 1841
287 1096 2803 2049
1425 1112 1499 1602
1091 2198 4783 2249
1631 145 2289 1159
381 465 3115 1544
297 946 709 1494
1443 1871 4881 1872
215 308 3579 2229
661 352 4121 1195
1401 166 3335 329
2849 868 4289 2060
2131 886 2347 916
1911 184 4967 555
1053 144 3113 384
2557 118 3801 2190
861 623 2099 896
1797 738 3787 1758
419 30 461 1421
1173 48 3313 1751
241 121 921 1563
2223 99 3529 394
2009 533 2231 2478
2927 1585 4279 1735
537 47 971 456
115 297 1445 1079
1295 110 3433 162
4433 411 4545 1714
427 998 4599 2091
3903 1344 4377 2053
1713 2030 3451 2284
315 1486 1371 1583
3649 348 3769 1055
1859 337 2847 1466
1205 547 2263 762
2627 1729 2719 1995
2335 151 3091 2415
969 537 2349 2194
2209 1960 3323 2149
1109 1197 1457 1738
3599 561 3899 785
53 272 3893 326
459 858 3781 2489
585 1017 2877 2099
2039 1359 3699 1837
3835 1609 4243 2365
1047 450 2993 1298
647 957 2949 1783
1437 1005 2699 1255
2237 1194 4303 2388
3991 1334 4925 2170
187 663 3995 1651
1197 298 1489 1777
467 1021 3421 1230
4041 1849 4911 2302
1929 170 4521 2468
2387 1391 2531 2010
305 1167 4359 2012
511 1034 3039 2347
2761 2088 4757 2094
4739 558 4857 706
3459 966 4003 1744
101 19 2681 1794
3705 1285 4645 2160
4151 27 4477 602
57 760 4607 1631
1529 1901 1795 1987
401 69 3963 237
463 510 1521 1432
565 1211 679 1599
2017 1611 4071 1869
1253 130 2107 1980
2057 1549 3587 1686
1771 669 3253 1766
2527 992 2691 1087
429 97 3167 1541
767 535 1257 2214
2879 1551 4923 2144
2791 1667 4651 2371
1251 592 4113 679
407 693 1897 991
781 37 1995 2293
1193 1988 1973 2056
1439 397 1919 2428
903 1985 2407 2142
2771 262 4617 1628
3267 609 4321 1316
3639 322 3767 365
1625 178 4111 977
653 163 873 1036
655 1077 3135 2290
2161 690 2671 1614
2277 291 2421 797
1063 1648 2463 1829
749 784 995 1530
1299 33 3071 1207
1675 576 4379 2300
3209 244 4685 324
1017 766 4761 1895
845 257 1297 2150
2601 1592 3585 2057
1255 406 4465 1851
1471 1147 2117 1886
1753 157 3483 224
937 320 1453 523
2367 267 4931 1225
1195 1336 2715 1967
579 2312 1041 2349
2833 1277 4681 2011
1509 117 4509 1048
2121 2184 4223 2212
31 509 117 1576
3805 64 4661 1457
1307 1492 2931 1930
1999 44 3571 810
1683 883 2801 1209
1903 409 4053 780
77 1141 1129 1154
1855 335 4667 1428
665 108 4347 1656
2951 836 4173 1276
2763 412 3011 1474
1737 128 1813 1520
1159 8 3789 2164
4671 1287 4921 1665
367 194 4195 2332
2851 734 4447 1326
3495 1168 4755 2358
3635 275 4813 733
738 3992 1066 4067
1662 3456 4582 4401
4040 3390 4202 4185
14 4018 4480 4398
2544 4070 3788 4906
136 3047 4038 4798
458 2655 4818 3718
480 3674 4774 4764
2286 3943 3778 4215
2074 4567 2950 4945
522 2780 2108 4376
140 3368 2386 4875
3574 3484 4698 4233
2168 4623 4010 4773
658 2694 3730 3833
802 4344 3828 4380
2128 2956 3426 4889
1332 4142 2178 4810
1452 3338 3448 3470
2494 2581 4590 3561
3256 3250 3514 4006
2844 3160 3878 3476
294 4797 1110 4958
482 2955 746 4361
1102 3298 1126 4873
4182 3551 4416 4973
206 3712 4042 4594
1466 2521 1934 2763
2194 4299 4088 4788
842 3190 4362 3774
552 2898 856 4183
1084 3676 3810 4813
2916 2925 3992 3872
2158 3662 4246 4129
1276 2504 3838 2527
3816 4112 4386 4746
3594 3099 4510 3700
1046 4304 2824 4426
96 4113 4132 4486
336 2846 4102 3975
1990 2938 4604 4796
80 2507 2626 2878
176 3353 416 4133
2478 2677 3524 2680
3110 4397 4208 4650
2120 2696 2942 3960
2888 3317 4438 3788
870 3224 3602 3473
272 2840 278 4492
2258 3448 4594 3502
430 3666 4988 4506
2572 3415 2992 3768
594 2759 2744 4416
84 3885 4874 4837
3228 3048 4140 3550
2206 3822 4504 4105
1044 4187 4812 4885
2610 2651 2954 3219
3718 3653 3862 3972
2556 3782 4400 3855
3918 3359 4560 3924
356 3383 1806 3575
328 3343 4670 4812
2122 2590 4172 3675
3618 4461 3872 4629
1172 3379 4992 3977
2980 3302 3660 3567
334 3253 2002 3642
844 2650 1412 3060
2810 2625 3484 3068
406 4443 752 4960
3640 2813 4188 4730
560 4181 928 4832
2086 3157 4746 3246
3494 3726 4562 3984
1384 4156 3702 4536
3304 4866 3744 4949
364 2545 1564 3549
3886 2687 4332 3026
1272 3084 3250 3373
688 3973 2558 4448
862 2667 2778 3263
578 3493 3338 3633
900 3686 4260 3876
3084 4890 3160 4965
1112 3845 1986 4082
1010 2861 1922 4571
282 2724 4414 4284
338 2509 4064 4511
2172 4269 2670 4721
2212 2762 4990 4458
3798 2971 4716 4219
1974 3555 2044 4552
544 2749 754 5000
2440 3083 3372 4404
3586 3032 4982 4677
1280 3652 1552 3709
898 3727 3054 4021
2498 3012 4960 4579
1964 2740 3074 4203
1014 3743 4778 3852
68 2902 1318 4431
2210 2872 4900 4449
2456 2512 3064 3784
192 3094 3252 3905
1684 4209 1992 4719
3502 3309 3856 4108
518 4467 3144 4537
1368 2600 1414 4683
634 2753 1340 3188
18 2871 4222 3813
4214 2689 4378 4572
598 2652 2042 4479
564 2944 720 3843
700 2577 4678 2894
3894 2896 4152 4482
840 3295 1380 4978
966 2848 1562 3041
2712 3366 4134 3989
698 2952 2008 3695
612 3175 3052 4143
2624 3453 4928 4709
3830 4229 4734 4375
2700 4345 2962 4786
1364 3303 4870 3735
662 3079 2860 4766
166 3095 1326 3197
2284 4913 4090 4941
1082 2783 4572 3495
2796 3414 4608 4031
4068 3352 4180 4382
3118 2897 3922 3839
648 3043 2130 3445
3226 3566 3770 4207
1196 2522 3864 4301
2232 3211 3434 3232
230 2859 3012 3274
2596 2681 4916 4124
2016 3479 4872 4862
1456 3199 3210 4607
1140 2809 2142 3322
3476 2904 3826 4334
24 3488 116 4102
2426 3420 4726 4305
3022 3050 3418 4205
692 3381 2070 4150
3548 2597 4212 2733
3008 3016 3378 3508
2280 4103 2726 4857
3760 3480 4574 4007
1582 3936 4196 4303
1522 2866 4840 4276
2924 3645 4286 4776
466 3205 3762 4794
452 2807 4206 2841
4644 3544 4686 4887
1618 2901 2046 4252
1506 3527 2754 4364
1338 3887 3610 4083
454 3403 592 3865
4150 4342 4450 4555
4250 2573 4508 4415
1190 4177 3312 4597
1312 2594 4970 4039
258 2758 3036 4312
674 2924 2084 3398
508 3797 1976 4510
530 3112 2628 4122
2050 3129 3340 3545
214 3176 896 4519
2110 4127 3002 4451
1100 4373 1192 4997
3742 2678 4254 2899
572 2734 600 4350
2680 3589 3722 3916
640 3297 2344 4508
1580 3213 4898 3592
4236 3051 4282 3294
1398 2582 1518 4035
120 3430 3224 3616
3592 2959 3820 4686
1778 3601 1960 4040
2858 3310 2890 3512
4642 3214 4896 4494
2000 3301 3748 4012
1874 3034 3644 3741
1524 3033 1578 3200
4556 3733 4700 4970
320 2691 4016 4870
2 3482 3734 4074
3416 3324 3940 4601
942 2953 3442 4769
1694 2559 4762 4725
1442 3644 1692 4774
4020 3753 4652 4664
390 2675 694 3454
2748 3341 3440 3721
3342 4176 3732 4446
3698 4761 4968 4856
1788 2793 3274 2849
1444 3802 2846 4294
1734 3097 2150 4557
586 2881 1264 4548
2004 3515 3108 4255
568 4483 1468 4905
128 2566 4380 4765
2026 3959 4232 4216
2668 3258 4540 4464
44 2705 540 3449
2914 2503 3382 4321
686 2736 4776 4061
1486 3837 1980 4452
3390 3063 4410 3107
2360 3108 4070 4920
3124 3928 3258 4738
2032 3325 3874 4570
1914 3085 4516 4253
974 3609 4750 4465
678 2568 3132 3605
1266 2995 1540 3740
2010 3560 4224 4272
1472 2752 2898 3521
12 3439 3254 4701
1904 4383 2024 4525
3126 2508 4656 4493
2240 3477 3326 4476
256 3548 370 4622
834 3038 4374 4491
1912 3404 2242 4988
1704 2685 3998 4331
3168 2602 4864 3878
1052 3045 4682 4772
2154 2563 4518 4468
1240 2732 4052 4503
2694 3285 2840 4260
1924 3361 4764 3492
2312 4441 3026 4487
1282 4285 4690 4917
724 3001 4868 4273
3912 2601 4936 3262
154 3497 4554 4256
1124 4877 1770 4967
1026 3075 2826 3463
2738 2998 2984 3864
908 2535 4798 3848
2454 3518 4220 4011
2970 3005 3668 3036
248 4676 676 4748
880 3209 3792 4590
2756 4117 4056 4634
630 3953 1754 4791
1154 3995 1178 4610
1830 2743 3898 3400
608 4033 4470 4148
434 2556 4402 4166
42 2514 3516 4691
682 3139 2254 3447
2732 2714 4714 4529
1460 3346 2872 3815
3000 3061 4610 4879
758 4328 3690 4580
3072 3809 4382 3900
3010 2620 4932 3678
344 3103 2650 4490
4098 4281 4258 4717
1572 2792 4910 3191
2510 3101 5000 3375
638 3080 4048 3086
1214 3380 3518 4227
1516 3137 1622 3649
1892 2636 3122 2856
2594 3150 3924 3280
3150 4100 3554 4651
2442 2669 3452 4026
2574 3826 4024 4279
3308 3428 3776 4829
3888 2923 4754 4696
1984 3407 4486 3939
2698 2715 4884 4926
2814 2611 3566 3142
668 3557 4688 4533
962 3323 1932 4146
1856 4044 3350 4836
156 3517 2350 4972
76 2717 298 3728
650 3830 3724 4290
2752 2609 3808 3468
1936 4362 4154 4472
1088 2532 3658 3594
1086 2863 1608 3528
2218 2920 3068 4128
2204 3909 3804 4636
2508 2538 3400 3218
2362 4688 4512 4891
414 3422 1156 3717
514 3072 2422 4602
3362 3040 4828 3223
626 3183 4270 4976
794 2910 1060 4863
1162 2903 1170 3119
788 2614 4108 4802
1098 4126 3716 4630
2652 4604 3636 4827
1726 3923 4106 4168
714 2836 1180 3614
1908 3817 4842 4635
2030 3823 3648 3979
2396 3598 3162 3692
2252 3596 4316 4232
934 4346 4834 4736
360 2930 3306 4654
1774 2654 2036 4593
2006 2571 3114 4711
2402 2722 4344 3427
660 3615 2226 3767
786 4551 4074 4778
3896 3131 4318 3570
704 3290 1434 3312
28 2742 3710 4524
170 4065 1144 4214
2404 4009 2808 4956
2968 2921 4522 4712
3200 4093 4946 4263
3098 2986 4614 4918
2398 2639 2616 3894
318 4820 4452 4825
104 4393 1886 4714
2406 3003 4976 3240
1184 3321 4558 4617
656 4742 2720 4932
936 4684 4354 4952
304 2922 546 4726
2772 3487 3222 4030
1298 2970 4620 4313
3184 3433 3678 4783
1000 2784 4436 3607
1420 3177 1480 3920
432 3748 2632 4645
1260 3113 3092 3691
712 2817 3066 3703
2322 3421 2894 4759
26 2621 1948 4048
236 2983 4392 4027
40 3418 4500 4369
1508 3724 1556 4868
1394 2641 3480 3227
1028 2774 3220 3762
1476 3895 1560 3906
3332 3588 4830 4349
396 4154 4156 4904
