700
1 1 1400 1400
2 2 1399 1399
3 3 1398 1398
4 4 1397 1397
5 5 1396 1396
6 6 1395 1395
7 7 1394 1394
8 8 1393 1393
9 9 1392 1392
10 10 1391 1391
11 11 1390 1390
12 12 1389 1389
13 13 1388 1388
14 14 1387 1387
15 15 1386 1386
16 16 1385 1385
17 17 1384 1384
18 18 1383 1383
19 19 1382 1382
20 20 1381 1381
21 21 1380 1380
22 22 1379 1379
23 23 1378 1378
24 24 1377 1377
25 25 1376 1376
26 26 1375 1375
27 27 1374 1374
28 28 1373 1373
29 29 1372 1372
30 30 1371 1371
31 31 1370 1370
32 32 1369 1369
33 33 1368 1368
34 34 1367 1367
35 35 1366 1366
36 36 1365 1365
37 37 1364 1364
38 38 1363 1363
39 39 1362 1362
40 40 1361 1361
41 41 1360 1360
42 42 1359 1359
43 43 1358 1358
44 44 1357 1357
45 45 1356 1356
46 46 1355 1355
47 47 1354 1354
48 48 1353 1353
49 49 1352 1352
50 50 1351 1351
51 51 1350 1350
52 52 1349 1349
53 53 1348 1348
54 54 1347 1347
55 55 1346 1346
56 56 1345 1345
57 57 1344 1344
58 58 1343 1343
59 59 1342 1342
60 60 1341 1341
61 61 1340 1340
62 62 1339 1339
63 63 1338 1338
64 64 1337 1337
65 65 1336 1336
66 66 1335 1335
67 67 1334 1334
68 68 1333 1333
69 69 1332 1332
70 70 1331 1331
71 71 1330 1330
72 72 1329 1329
73 73 1328 1328
74 74 1327 1327
75 75 1326 1326
76 76 1325 1325
77 77 1324 1324
78 78 1323 1323
79 79 1322 1322
80 80 1321 1321
81 81 1320 1320
82 82 1319 1319
83 83 1318 1318
84 84 1317 1317
85 85 1316 1316
86 86 1315 1315
87 87 1314 1314
88 88 1313 1313
89 89 1312 1312
90 90 1311 1311
91 91 1310 1310
92 92 1309 1309
93 93 1308 1308
94 94 1307 1307
95 95 1306 1306
96 96 1305 1305
97 97 1304 1304
98 98 1303 1303
99 99 1302 1302
100 100 1301 1301
101 101 1300 1300
102 102 1299 1299
103 103 1298 1298
104 104 1297 1297
105 105 1296 1296
106 106 1295 1295
107 107 1294 1294
108 108 1293 1293
109 109 1292 1292
110 110 1291 1291
111 111 1290 1290
112 112 1289 1289
113 113 1288 1288
114 114 1287 1287
115 115 1286 1286
116 116 1285 1285
117 117 1284 1284
118 118 1283 1283
119 119 1282 1282
120 120 1281 1281
121 121 1280 1280
122 122 1279 1279
123 123 1278 1278
124 124 1277 1277
125 125 1276 1276
126 126 1275 1275
127 127 1274 1274
128 128 1273 1273
129 129 1272 1272
130 130 1271 1271
131 131 1270 1270
132 132 1269 1269
133 133 1268 1268
134 134 1267 1267
135 135 1266 1266
136 136 1265 1265
137 137 1264 1264
138 138 1263 1263
139 139 1262 1262
140 140 1261 1261
141 141 1260 1260
142 142 1259 1259
143 143 1258 1258
144 144 1257 1257
145 145 1256 1256
146 146 1255 1255
147 147 1254 1254
148 148 1253 1253
149 149 1252 1252
150 150 1251 1251
151 151 1250 1250
152 152 1249 1249
153 153 1248 1248
154 154 1247 1247
155 155 1246 1246
156 156 1245 1245
157 157 1244 1244
158 158 1243 1243
159 159 1242 1242
160 160 1241 1241
161 161 1240 1240
162 162 1239 1239
163 163 1238 1238
164 164 1237 1237
165 165 1236 1236
166 166 1235 1235
167 167 1234 1234
168 168 1233 1233
169 169 1232 1232
170 170 1231 1231
171 171 1230 1230
172 172 1229 1229
173 173 1228 1228
174 174 1227 1227
175 175 1226 1226
176 176 1225 1225
177 177 1224 1224
178 178 1223 1223
179 179 1222 1222
180 180 1221 1221
181 181 1220 1220
182 182 1219 1219
183 183 1218 1218
184 184 1217 1217
185 185 1216 1216
186 186 1215 1215
187 187 1214 1214
188 188 1213 1213
189 189 1212 1212
190 190 1211 1211
191 191 1210 1210
192 192 1209 1209
193 193 1208 1208
194 194 1207 1207
195 195 1206 1206
196 196 1205 1205
197 197 1204 1204
198 198 1203 1203
199 199 1202 1202
200 200 1201 1201
201 201 1200 1200
202 202 1199 1199
203 203 1198 1198
204 204 1197 1197
205 205 1196 1196
206 206 1195 1195
207 207 1194 1194
208 208 1193 1193
209 209 1192 1192
210 210 1191 1191
211 211 1190 1190
212 212 1189 1189
213 213 1188 1188
214 214 1187 1187
215 215 1186 1186
216 216 1185 1185
217 217 1184 1184
218 218 1183 1183
219 219 1182 1182
220 220 1181 1181
221 221 1180 1180
222 222 1179 1179
223 223 1178 1178
224 224 1177 1177
225 225 1176 1176
226 226 1175 1175
227 227 1174 1174
228 228 1173 1173
229 229 1172 1172
230 230 1171 1171
231 231 1170 1170
232 232 1169 1169
233 233 1168 1168
234 234 1167 1167
235 235 1166 1166
236 236 1165 1165
237 237 1164 1164
238 238 1163 1163
239 239 1162 1162
240 240 1161 1161
241 241 1160 1160
242 242 1159 1159
243 243 1158 1158
244 244 1157 1157
245 245 1156 1156
246 246 1155 1155
247 247 1154 1154
248 248 1153 1153
249 249 1152 1152
250 250 1151 1151
251 251 1150 1150
252 252 1149 1149
253 253 1148 1148
254 254 1147 1147
255 255 1146 1146
256 256 1145 1145
257 257 1144 1144
258 258 1143 1143
259 259 1142 1142
260 260 1141 1141
261 261 1140 1140
262 262 1139 1139
263 263 1138 1138
264 264 1137 1137
265 265 1136 1136
266 266 1135 1135
267 267 1134 1134
268 268 1133 1133
269 269 1132 1132
270 270 1131 1131
271 271 1130 1130
272 272 1129 1129
273 273 1128 1128
274 274 1127 1127
275 275 1126 1126
276 276 1125 1125
277 277 1124 1124
278 278 1123 1123
279 279 1122 1122
280 280 1121 1121
281 281 1120 1120
282 282 1119 1119
283 283 1118 1118
284 284 1117 1117
285 285 1116 1116
286 286 1115 1115
287 287 1114 1114
288 288 1113 1113
289 289 1112 1112
290 290 1111 1111
291 291 1110 1110
292 292 1109 1109
293 293 1108 1108
294 294 1107 1107
295 295 1106 1106
296 296 1105 1105
297 297 1104 1104
298 298 1103 1103
299 299 1102 1102
300 300 1101 1101
301 301 1100 1100
302 302 1099 1099
303 303 1098 1098
304 304 1097 1097
305 305 1096 1096
306 306 1095 1095
307 307 1094 1094
308 308 1093 1093
309 309 1092 1092
310 310 1091 1091
311 311 1090 1090
312 312 1089 1089
313 313 1088 1088
314 314 1087 1087
315 315 1086 1086
316 316 1085 1085
317 317 1084 1084
318 318 1083 1083
319 319 1082 1082
320 320 1081 1081
321 321 1080 1080
322 322 1079 1079
323 323 1078 1078
324 324 1077 1077
325 325 1076 1076
326 326 1075 1075
327 327 1074 1074
328 328 1073 1073
329 329 1072 1072
330 330 1071 1071
331 331 1070 1070
332 332 1069 1069
333 333 1068 1068
334 334 1067 1067
335 335 1066 1066
336 336 1065 1065
337 337 1064 1064
338 338 1063 1063
339 339 1062 1062
340 340 1061 1061
341 341 1060 1060
342 342 1059 1059
343 343 1058 1058
344 344 1057 1057
345 345 1056 1056
346 346 1055 1055
347 347 1054 1054
348 348 1053 1053
349 349 1052 1052
350 350 1051 1051
351 351 1050 1050
352 352 1049 1049
353 353 1048 1048
354 354 1047 1047
355 355 1046 1046
356 356 1045 1045
357 357 1044 1044
358 358 1043 1043
359 359 1042 1042
360 360 1041 1041
361 361 1040 1040
362 362 1039 1039
363 363 1038 1038
364 364 1037 1037
365 365 1036 1036
366 366 1035 1035
367 367 1034 1034
368 368 1033 1033
369 369 1032 1032
370 370 1031 1031
371 371 1030 1030
372 372 1029 1029
373 373 1028 1028
374 374 1027 1027
375 375 1026 1026
376 376 1025 1025
377 377 1024 1024
378 378 1023 1023
379 379 1022 1022
380 380 1021 1021
381 381 1020 1020
382 382 1019 1019
383 383 1018 1018
384 384 1017 1017
385 385 1016 1016
386 386 1015 1015
387 387 1014 1014
388 388 1013 1013
389 389 1012 1012
390 390 1011 1011
391 391 1010 1010
392 392 1009 1009
393 393 1008 1008
394 394 1007 1007
395 395 1006 1006
396 396 1005 1005
397 397 1004 1004
398 398 1003 1003
399 399 1002 1002
400 400 1001 1001
401 401 1000 1000
402 402 999 999
403 403 998 998
404 404 997 997
405 405 996 996
406 406 995 995
407 407 994 994
408 408 993 993
409 409 992 992
410 410 991 991
411 411 990 990
412 412 989 989
413 413 988 988
414 414 987 987
415 415 986 986
416 416 985 985
417 417 984 984
418 418 983 983
419 419 982 982
420 420 981 981
421 421 980 980
422 422 979 979
423 423 978 978
424 424 977 977
425 425 976 976
426 426 975 975
427 427 974 974
428 428 973 973
429 429 972 972
430 430 971 971
431 431 970 970
432 432 969 969
433 433 968 968
434 434 967 967
435 435 966 966
436 436 965 965
437 437 964 964
438 438 963 963
439 439 962 962
440 440 961 961
441 441 960 960
442 442 959 959
443 443 958 958
444 444 957 957
445 445 956 956
446 446 955 955
447 447 954 954
448 448 953 953
449 449 952 952
450 450 951 951
451 451 950 950
452 452 949 949
453 453 948 948
454 454 947 947
455 455 946 946
456 456 945 945
457 457 944 944
458 458 943 943
459 459 942 942
460 460 941 941
461 461 940 940
462 462 939 939
463 463 938 938
464 464 937 937
465 465 936 936
466 466 935 935
467 467 934 934
468 468 933 933
469 469 932 932
470 470 931 931
471 471 930 930
472 472 929 929
473 473 928 928
474 474 927 927
475 475 926 926
476 476 925 925
477 477 924 924
478 478 923 923
479 479 922 922
480 480 921 921
481 481 920 920
482 482 919 919
483 483 918 918
484 484 917 917
485 485 916 916
486 486 915 915
487 487 914 914
488 488 913 913
489 489 912 912
490 490 911 911
491 491 910 910
492 492 909 909
493 493 908 908
494 494 907 907
495 495 906 906
496 496 905 905
497 497 904 904
498 498 903 903
499 499 902 902
500 500 901 901
501 501 900 900
502 502 899 899
503 503 898 898
504 504 897 897
505 505 896 896
506 506 895 895
507 507 894 894
508 508 893 893
509 509 892 892
510 510 891 891
511 511 890 890
512 512 889 889
513 513 888 888
514 514 887 887
515 515 886 886
516 516 885 885
517 517 884 884
518 518 883 883
519 519 882 882
520 520 881 881
521 521 880 880
522 522 879 879
523 523 878 878
524 524 877 877
525 525 876 876
526 526 875 875
527 527 874 874
528 528 873 873
529 529 872 872
530 530 871 871
531 531 870 870
532 532 869 869
533 533 868 868
534 534 867 867
535 535 866 866
536 536 865 865
537 537 864 864
538 538 863 863
539 539 862 862
540 540 861 861
541 541 860 860
542 542 859 859
543 543 858 858
544 544 857 857
545 545 856 856
546 546 855 855
547 547 854 854
548 548 853 853
549 549 852 852
550 550 851 851
551 551 850 850
552 552 849 849
553 553 848 848
554 554 847 847
555 555 846 846
556 556 845 845
557 557 844 844
558 558 843 843
559 559 842 842
560 560 841 841
561 561 840 840
562 562 839 839
563 563 838 838
564 564 837 837
565 565 836 836
566 566 835 835
567 567 834 834
568 568 833 833
569 569 832 832
570 570 831 831
571 571 830 830
572 572 829 829
573 573 828 828
574 574 827 827
575 575 826 826
576 576 825 825
577 577 824 824
578 578 823 823
579 579 822 822
580 580 821 821
581 581 820 820
582 582 819 819
583 583 818 818
584 584 817 817
585 585 816 816
586 586 815 815
587 587 814 814
588 588 813 813
589 589 812 812
590 590 811 811
591 591 810 810
592 592 809 809
593 593 808 808
594 594 807 807
595 595 806 806
596 596 805 805
597 597 804 804
598 598 803 803
599 599 802 802
600 600 801 801
601 601 800 800
602 602 799 799
603 603 798 798
604 604 797 797
605 605 796 796
606 606 795 795
607 607 794 794
608 608 793 793
609 609 792 792
610 610 791 791
611 611 790 790
612 612 789 789
613 613 788 788
614 614 787 787
615 615 786 786
616 616 785 785
617 617 784 784
618 618 783 783
619 619 782 782
620 620 781 781
621 621 780 780
622 622 779 779
623 623 778 778
624 624 777 777
625 625 776 776
626 626 775 775
627 627 774 774
628 628 773 773
629 629 772 772
630 630 771 771
631 631 770 770
632 632 769 769
633 633 768 768
634 634 767 767
635 635 766 766
636 636 765 765
637 637 764 764
638 638 763 763
639 639 762 762
640 640 761 761
641 641 760 760
642 642 759 759
643 643 758 758
644 644 757 757
645 645 756 756
646 646 755 755
647 647 754 754
648 648 753 753
649 649 752 752
650 650 751 751
651 651 750 750
652 652 749 749
653 653 748 748
654 654 747 747
655 655 746 746
656 656 745 745
657 657 744 744
658 658 743 743
659 659 742 742
660 660 741 741
661 661 740 740
662 662 739 739
663 663 738 738
664 664 737 737
665 665 736 736
666 666 735 735
667 667 734 734
668 668 733 733
669 669 732 732
670 670 731 731
671 671 730 730
672 672 729 729
673 673 728 728
674 674 727 727
675 675 726 726
676 676 725 725
677 677 724 724
678 678 723 723
679 679 722 722
680 680 721 721
681 681 720 720
682 682 719 719
683 683 718 718
684 684 717 717
685 685 716 716
686 686 715 715
687 687 714 714
688 688 713 713
689 689 712 712
690 690 711 711
691 691 710 710
692 692 709 709
693 693 708 708
694 694 707 707
695 695 706 706
696 696 705 705
697 697 704 704
698 698 703 703
699 699 702 702
700 700 701 701
