700
247 298 3197 1744
2011 1248 4955 2079
181 1539 3823 1745
475 98 2541 1866
145 838 383 1953
569 1348 4521 2056
1151 904 1581 989
1965 1278 3693 1876
1031 734 2981 2137
359 329 455 580
1483 1249 3597 1823
2307 68 3855 1366
879 574 3057 719
3811 107 4737 1327
3537 536 4017 1031
1625 1 3687 864
431 113 4869 1865
1983 815 2487 1452
4089 1517 4811 2134
2057 1690 4033 2356
3043 301 4549 2027
2665 916 4805 2296
1257 106 1679 2144
1041 631 4071 2143
1609 659 3081 847
3039 1181 3767 1643
31 539 4499 2138
639 160 1489 2241
1613 315 3833 2072
2573 456 2863 552
807 629 3533 1832
3661 1253 4863 1688
533 425 3557 523
887 207 2141 1450
271 69 3013 1836
3889 648 4539 2419
119 1335 4085 2118
1277 2033 3817 2193
939 635 4895 1617
1963 1857 3549 2167
4153 366 4553 1101
3651 2256 4101 2443
1337 360 2719 2175
1839 135 3977 1532
1131 494 2445 2340
1885 963 4497 2434
1867 976 3633 1950
1075 40 1515 1243
2733 9 4819 1023
2607 272 4917 839
329 1754 1025 2049
2859 1252 3457 2392
2225 621 3587 2287
4345 17 4469 2073
1935 1384 3179 1402
2495 548 2823 1685
1611 813 2345 1698
1971 1186 4615 2343
2101 1143 3787 2391
897 1770 1411 2204
1599 1903 3463 2386
1847 1287 3229 2423
2919 57 4747 853
1651 850 3981 1569
2313 1130 2705 1257
947 212 4529 1793
777 310 1937 1931
241 1792 995 2420
111 61 3285 968
1531 1049 4001 1579
1549 440 2503 2316
1165 186 3825 1223
1945 1998 3251 2224
3705 1320 4399 1708
311 1268 2139 1875
621 122 3665 1714
2959 833 3607 939
2199 790 3479 1246
1319 479 1671 1726
127 1308 1069 2019
709 47 3841 614
705 1185 1381 1674
609 597 2515 1860
1533 1086 4385 2057
551 618 3565 1434
1077 442 4003 1804
833 1378 3747 1721
1451 1237 4485 1482
3961 1759 4059 2376
1039 767 3181 1258
1849 679 2525 2398
2235 1060 2995 1501
1221 570 3415 1451
3443 1731 4097 2252
2539 885 3837 1092
1443 417 4959 1672
2375 1005 2565 1786
1187 806 1553 1573
1485 1442 4315 1484
2693 681 4309 1410
1833 1149 3165 2387
29 1277 459 1929
751 1159 1289 1310
3235 996 3569 2479
3591 156 4641 261
2459 540 3715 634
97 610 4019 994
1145 302 3831 1228
2783 730 4795 1068
1243 2086 4765 2225
3159 274 3563 1480
1621 127 4979 1827
955 832 3695 938
4245 600 4577 1447
1815 1936 2913 2206
1887 701 2557 2009
407 240 3019 1405
1993 1980 2967 2078
281 1600 4531 2494
999 1358 2801 1694
3135 910 3375 1362
583 1585 2501 1608
2931 571 3275 1701
685 118 1455 1103
2679 1240 4947 2277
357 1767 1713 2173
1441 547 4409 1890
829 289 3149 1985
493 451 3407 2239
2989 591 4167 950
501 516 519 2189
337 1709 3155 1728
437 196 2037 300
137 689 3341 2200
2709 1156 4109 1761
385 492 2061 529
1981 226 3361 1040
1389 915 3065 925
1045 1529 1829 2381
3779 956 4331 1396
263 327 4447 2034
1127 111 4625 759
581 1211 4099 1987
309 568 345 2459
1171 1106 2417 1270
1065 189 2185 1220
4787 1660 4991 2230
1949 1114 2265 2194
2415 623 4601 1224
4395 421 4967 1899
2129 1108 4115 1847
55 119 589 1093
1261 601 4563 2025
1517 199 2965 2460
275 109 4341 260
831 319 2149 2238
3381 1196 4491 1736
2817 429 3219 1085
579 38 3793 995
2033 410 2043 1135
677 307 3047 911
3511 744 4207 922
1093 379 4173 1603
657 66 763 1333
3401 703 3575 2111
163 633 1735 2378
867 41 4049 1973
4439 97 4715 482
681 386 2569 1697
4779 31 4969 233
2575 1634 3329 2022
993 1419 2215 2037
3193 866 4179 1123
3309 1025 4861 1394
515 486 1569 497
4289 1079 4783 1957
687 478 4449 1026
1645 269 3681 1811
531 1435 2087 1925
1309 1801 4191 2322
1087 197 2447 933
1271 1305 3723 2246
4597 78 4661 1967
1731 64 2063 949
3351 1605 4603 2211
2383 1113 3535 2091
2999 1351 3519 1713
293 185 2007 1214
2683 2369 4215 2452
3233 53 4697 967
513 45 2857 2029
2545 948 4471 1202
649 2454 753 2466
3703 821 4809 2438
1281 1070 4479 1645
3077 841 3413 898
1617 1318 3541 1938
765 85 4841 1200
1859 1168 2601 1627
155 320 2561 1715
3485 1623 3907 2491
1477 285 4593 2074
2357 1571 3009 2197
279 1805 2013 2174
3585 294 4923 395
1323 1489 2623 1822
1511 605 3595 1582
1081 472 4937 752
4075 1705 4753 2493
3433 737 4541 1503
1701 437 4935 1485
985 626 4489 710
1021 348 1419 2353
1051 1386 3071 2245
2179 312 2385 1065
1507 228 2753 2362
4137 565 4887 2480
1665 1094 2255 2350
2755 1145 3983 1928
803 1222 2303 1772
767 748 1843 896
643 1437 2117 1962
1805 1199 2687 1613
2731 121 4455 2103
447 662 4561 1315
679 1232 1293 2266
2697 1042 4031 1862
757 567 2409 900
1647 29 4545 2077
3365 1885 4275 2294
2135 2147 2703 2485
1605 766 3733 774
959 2281 1311 2396
1019 400 3141 742
463 279 4927 2136
251 223 1683 1116
2883 514 3863 1118
911 1510 4083 2482
699 632 923 1293
1379 325 3389 448
393 50 3617 2035
1083 308 3091 408
1759 365 1811 1431
1471 981 2231 1381
2401 1762 3021 2261
1053 798 3925 2222
3611 1457 4919 1555
1835 750 4093 1177
2481 941 4367 2240
239 1316 2583 2087
623 236 4675 2489
853 202 3035 2099
197 1002 2625 1279
837 625 4217 654
1741 2071 4669 2097
1529 760 3959 889
2123 573 4021 1911
889 465 1987 2212
4363 874 4951 2135
3249 1296 3599 1920
1875 1035 4513 1543
1785 1639 3271 2310
1555 1091 2599 1629
2567 280 3677 640
33 146 1183 1658
3877 490 4053 1891
2245 292 4609 655
1223 572 2423 1297
2821 454 4433 1941
1143 845 3991 1090
2463 1102 2847 1835
2223 652 4103 1921
1861 204 3061 2177
1629 706 3345 1546
871 270 3967 462
1005 148 3761 1162
1457 2124 3343 2432
2197 1235 2839 2062
2081 252 4291 2008
451 694 1475 1312
1901 1361 1957 1917
4061 907 4159 1742
141 88 1817 2131
671 733 4523 2150
737 275 1329 1121
2537 1596 4197 1740
11 1918 3709 2120
1979 1641 4347 2324
2791 1261 4567 1309
951 521 3517 792
1225 303 1739 1934
2963 359 3231 1640
2253 256 3281 1769
225 951 2467 1215
783 2307 2973 2436
2617 405 4721 2268
881 1505 2815 2254
633 116 4581 1411
945 586 1295 2384
285 273 3989 474
1709 230 4139 1359
1315 262 4169 1798
343 1171 1653 2253
793 265 1059 1115
2551 349 3869 1037
159 1978 1181 2264
2727 286 3927 332
1 1207 755 2338
2227 2154 3805 2285
1947 447 3367 918
421 25 1361 1887
215 526 1693 2470
817 79 1335 2170
325 598 3187 1814
537 1468 1073 2003
3509 971 4653 2258
743 59 1169 569
1333 1363 2627 2442
2299 843 3247 1500
3609 324 4293 884
2167 2226 3845 2355
4183 67 4193 1636
1799 777 2263 873
2347 8 3897 705
207 936 1503 1663
1089 846 1275 1136
711 544 1943 1683
1407 1667 2611 1964
2017 420 4317 1011
1375 168 2327 955
227 87 4781 680
1755 905 4741 1126
4065 1630 4195 2050
1259 2026 3973 2066
3201 550 3795 2453
1155 466 3737 576
1509 1153 1547 2236
2217 481 4077 1760
2763 1390 3289 2107
113 1043 4777 1895
3059 153 3803 525
81 700 1889 2158
2757 489 4605 520
2115 615 3023 1765
333 1492 361 2477
773 344 1473 2249
1565 718 2629 1886
2189 546 3931 1653
3573 331 3909 1067
1445 1015 2329 1972
3606 3859 3892 3986
3588 3568 4728 3758
4536 2920 4658 4965
2774 2561 3782 3058
828 3130 4136 3570
2418 4266 2610 4459
448 2887 2712 4823
2500 3658 2998 4791
284 2735 500 3364
1220 2611 2884 4047
744 2915 4940 3703
2746 3582 4260 4687
3960 2918 4332 4901
2732 3583 4262 4435
1840 2882 3352 4384
1374 2570 2318 4659
2216 3810 3226 4551
1816 2783 2200 3143
2158 4170 2848 4229
288 3688 2460 4946
168 2806 632 3665
1398 3486 4674 4438
3260 2906 4538 3647
216 2745 2124 3673
90 3208 814 4002
150 2639 3916 3426
758 3190 4974 4410
2526 3599 3094 4281
1926 3147 2300 4988
1458 3032 3084 3284
1606 2736 4122 4619
2204 2505 4404 4706
898 3412 2536 4488
3144 3181 3170 4548
1960 2519 4626 4195
368 3138 1088 3956
1638 3723 3920 3886
638 3657 2170 4466
384 3787 2922 4379
1748 3553 3344 4218
1236 2568 3538 4824
458 3934 4530 4038
1832 3534 4486 4078
646 3220 4764 4958
654 3506 4202 3877
4186 2595 4400 4487
318 2751 4172 3648
1938 4798 4038 4941
74 2629 3616 2729
842 3308 4368 3465
1284 2620 1558 4185
3248 3932 3428 3998
620 4427 3514 4905
2114 4168 4370 4895
546 3307 2080 3809
2544 2543 2646 4870
96 2575 2860 4101
2916 2891 4996 4772
4810 2861 4816 3413
3168 2953 3442 3746
2504 3104 4106 4987
1754 3367 4208 3680
572 2664 4436 4193
588 2763 3028 2881
398 2942 2146 4265
560 3853 874 4639
2362 3393 4508 3405
1568 3766 3934 4867
1308 2998 1858 4429
3786 4023 3848 4306
1554 4362 2000 4545
3334 2896 4306 4153
392 3157 3404 4914
1470 2647 1602 4856
88 3836 2184 4091
494 3411 3732 4390
2304 3081 3464 4422
2892 2980 4378 4007
1572 3701 2584 4387
3840 3467 4918 3924
1272 3297 4702 4808
1772 4215 3768 4413
626 4443 1492 4592
84 2985 2360 3452
444 2960 1048 4633
1612 3685 3978 4338
3154 4158 3414 4572
1152 4244 4714 4325
1328 4337 4684 4672
1570 2991 2310 4277
2058 3225 3502 3318
922 3354 3954 4061
3860 2809 4180 3447
766 3805 2478 4806
1704 4357 4460 4430
1868 2824 3820 3487
3264 3983 4866 4208
394 3379 2226 3415
2222 2708 2618 3573
952 3743 3222 4328
1326 4079 3068 4095
2052 3038 4226 4315
772 3180 1888 4161
360 3917 3714 3978
102 3165 200 4771
2742 3993 3836 4511
462 3033 2602 3709
2588 2936 4754 4697
1884 3083 4954 3991
550 2981 2856 4926
520 3049 1984 4650
40 2526 4922 3331
2522 3437 3176 4406
696 2830 4148 4334
2224 3226 4874 3960
486 2838 2912 3328
3418 3463 4772 4786
2806 4025 4316 4841
850 2944 1382 3005
232 3812 2408 3838
476 3597 4582 3782
2004 4458 4514 4587
1510 3222 4054 3370
2044 3796 3314 4113
1172 3435 4580 4336
1280 4096 1342 4542
2882 3383 2974 4778
1906 2794 4814 3397
2270 3892 4666 4284
1664 2862 3120 4070
2354 2916 3186 4296
196 3896 2284 4779
2552 2934 2994 3324
242 2849 1806 3880
1438 3889 4972 4502
596 3117 2694 4051
370 2666 2726 2738
1026 3260 3298 4584
1684 3346 2110 4576
3516 3474 4242 4826
3904 3557 4284 4878
3546 2612 3728 4859
2326 2883 4746 4416
690 3832 2290 4675
468 3710 2920 4148
950 2961 3696 4872
1738 3480 3158 3931
1928 3541 4264 4759
1226 3729 1368 3775
3138 4138 3964 4552
806 3269 1620 4612
2468 3605 3722 4955
826 3530 4182 4959
2638 3470 4734 4321
1506 4271 4668 4763
6 3280 4624 4219
2836 2987 3972 3575
3368 4220 4840 4268
2070 2956 3146 3637
3364 3080 4084 4472
198 3528 2936 4040
668 2641 2738 4781
760 2516 1162 4383
714 4270 3306 4493
700 2632 3596 2670
852 4087 2982 4729
1218 3161 2414 3724
2116 3009 4622 3762
3064 2692 3272 2955
1092 2613 1304 4601
1166 3177 4012 4961
3410 4626 4206 4662
1062 3275 2130 3595
776 2733 1476 4010
3466 3347 3914 4773
958 2853 4646 3995
390 2615 1632 3511
962 3108 2906 4234
2456 3619 3250 3807
984 3866 4142 4162
622 3299 2186 3596
1402 2757 3858 4440
2784 2893 3128 4610
1210 2892 3822 4966
452 2785 1486 3651
750 3856 2254 4415
3474 4008 4290 4052
1376 2952 2796 3039
2202 3616 4016 4492
4418 2775 4950 2833
78 3531 2794 3725
2056 2665 4888 3076
3922 2989 4410 4754
1870 2577 4194 3505
2494 2950 2934 3860
3912 3178 4174 3913
2572 2866 2636 4820
262 3191 510 4377
1266 2513 4442 4603
1420 4149 3844 4931
920 3609 3940 4304
530 3779 568 4975
870 2688 1702 4434
2410 2572 4350 3538
1192 2631 1730 4374
608 3852 3430 4174
1306 2683 1436 3156
1110 2598 1752 4996
1688 3028 2904 3845
2376 3696 4292 3788
1988 3940 3542 4570
1064 3132 4540 3258
4086 2551 4408 2928
630 3639 4120 4714
3910 2622 4026 4974
1076 4239 1654 4513
332 4066 1916 4605
3764 3322 3876 4288
524 2959 1636 4943
3102 2865 3212 4235
1214 3380 2332 4133
688 4056 822 4787
2870 3484 4216 3969
1112 3440 2426 4532
662 3869 2682 3955
180 2917 2346 3862
356 2909 3122 4632
2148 2890 3650 3045
3274 3311 4266 4784
2944 4294 4948 4479
404 4539 4776 4807
584 4043 1528 4480
30 4207 670 4287
226 2601 918 4997
3072 2957 4602 3170
3620 2554 4432 4355
940 3669 1228 3883
1588 2929 2196 3352
1530 4628 1824 4920
1032 3410 1136 4524
1194 3314 1710 4992
1542 3158 4978 4544
1130 3519 1952 4436
1300 3499 4750 4507
1692 2682 3666 3084
558 3970 2592 4026
3454 4614 4100 4913
1700 4189 3774 4625
722 2747 1986 4583
1472 2911 3108 4100
1978 2939 3388 4094
372 2690 1578 2844
1616 3430 3736 4936
70 3265 4786 4144
94 2638 1792 4004
1452 2982 2498 4751
3228 3906 4864 4606
3444 2908 3980 4844
1222 3134 4394 4887
838 2755 4032 3704
490 3020 2808 3759
1396 2752 2122 4127
326 2967 3622 3848
810 2975 3090 3587
1974 3216 2604 3996
1364 4752 4008 4812
430 2710 2314 2921
2062 2907 2940 4495
580 2574 2840 3279
1480 3163 4034 3813
1760 3772 2278 4474
1432 2534 1564 2678
2686 2547 4578 3649
2692 4654 2724 4846
1292 4470 3104 4875
938 2559 1160 4645
296 3359 3024 3841
60 2938 4488 4980
2218 4317 4376 4555
2450 2742 4466 3189
2022 2859 2734 3218
2846 3234 2874 3561
446 3926 2308 4433
3088 2843 3268 3802
1786 2788 4998 4767
2150 4471 3100 4873
4420 4098 4856 4581
3600 3126 4958 3443
244 2587 656 2860
858 3244 3644 3824
1484 2943 4352 4953
2108 4157 2776 4204
134 3142 1428 4724
1018 2564 3300 2925
1562 3800 3956 4184
1762 2545 3942 4950
1844 2625 2162 3594
2718 2798 3882 4319
3220 3001 3378 3887
3676 2586 4348 3902
3994 3145 4648 3755
708 2569 2894 3751
2154 3577 4944 4622
1846 2940 2040 3069
3178 2644 3548 4640
2532 2976 2752 3438
3386 2858 4594 3819
1038 3326 1448 3466
1716 2876 4098 3360
1330 3828 4166 4582
4090 3429 4468 3517
342 2514 3438 4504
3662 4519 4138 4559
1356 2642 3380 4217
464 3911 4324 4313
10 3034 380 4728
1736 3252 4712 4853
2076 3897 4116 4922
132 4731 2824 4783
4044 3643 4176 4320
570 3315 1478 3402
264 3569 4982 4177
1282 3224 2964 3740
1004 3398 4838 4141
1158 3468 4438 3752
26 2591 1680 3706
3206 3024 3826 3392
1248 2663 4114 3006
1080 3294 4794 3399
1086 2504 2074 5000
4188 2834 4748 3527
4184 3747 4380 3944
434 2527 1768 4954
34 2590 4268 3445
2404 2805 4078 3059
1450 3040 4462 4882
3048 2704 4550 3055
610 4182 3486 4557
616 2758 3258 3863
3890 3340 4162 3451
1314 2954 4504 4365
642 2588 960 2826
2972 3149 4328 4449
1720 2899 4356 4715
100 3844 2864 4915
3528 3221 4470 4042
730 2919 3624 3508
778 2512 4548 3479
1430 2602 4210 4221
3856 4642 4726 4977
