700
1 700 1400 701
2 699 1399 702
3 698 1398 703
4 697 1397 704
5 696 1396 705
6 695 1395 706
7 694 1394 707
8 693 1393 708
9 692 1392 709
10 691 1391 710
11 690 1390 711
12 689 1389 712
13 688 1388 713
14 687 1387 714
15 686 1386 715
16 685 1385 716
17 684 1384 717
18 683 1383 718
19 682 1382 719
20 681 1381 720
21 680 1380 721
22 679 1379 722
23 678 1378 723
24 677 1377 724
25 676 1376 725
26 675 1375 726
27 674 1374 727
28 673 1373 728
29 672 1372 729
30 671 1371 730
31 670 1370 731
32 669 1369 732
33 668 1368 733
34 667 1367 734
35 666 1366 735
36 665 1365 736
37 664 1364 737
38 663 1363 738
39 662 1362 739
40 661 1361 740
41 660 1360 741
42 659 1359 742
43 658 1358 743
44 657 1357 744
45 656 1356 745
46 655 1355 746
47 654 1354 747
48 653 1353 748
49 652 1352 749
50 651 1351 750
51 650 1350 751
52 649 1349 752
53 648 1348 753
54 647 1347 754
55 646 1346 755
56 645 1345 756
57 644 1344 757
58 643 1343 758
59 642 1342 759
60 641 1341 760
61 640 1340 761
62 639 1339 762
63 638 1338 763
64 637 1337 764
65 636 1336 765
66 635 1335 766
67 634 1334 767
68 633 1333 768
69 632 1332 769
70 631 1331 770
71 630 1330 771
72 629 1329 772
73 628 1328 773
74 627 1327 774
75 626 1326 775
76 625 1325 776
77 624 1324 777
78 623 1323 778
79 622 1322 779
80 621 1321 780
81 620 1320 781
82 619 1319 782
83 618 1318 783
84 617 1317 784
85 616 1316 785
86 615 1315 786
87 614 1314 787
88 613 1313 788
89 612 1312 789
90 611 1311 790
91 610 1310 791
92 609 1309 792
93 608 1308 793
94 607 1307 794
95 606 1306 795
96 605 1305 796
97 604 1304 797
98 603 1303 798
99 602 1302 799
100 601 1301 800
101 600 1300 801
102 599 1299 802
103 598 1298 803
104 597 1297 804
105 596 1296 805
106 595 1295 806
107 594 1294 807
108 593 1293 808
109 592 1292 809
110 591 1291 810
111 590 1290 811
112 589 1289 812
113 588 1288 813
114 587 1287 814
115 586 1286 815
116 585 1285 816
117 584 1284 817
118 583 1283 818
119 582 1282 819
120 581 1281 820
121 580 1280 821
122 579 1279 822
123 578 1278 823
124 577 1277 824
125 576 1276 825
126 575 1275 826
127 574 1274 827
128 573 1273 828
129 572 1272 829
130 571 1271 830
131 570 1270 831
132 569 1269 832
133 568 1268 833
134 567 1267 834
135 566 1266 835
136 565 1265 836
137 564 1264 837
138 563 1263 838
139 562 1262 839
140 561 1261 840
141 560 1260 841
142 559 1259 842
143 558 1258 843
144 557 1257 844
145 556 1256 845
146 555 1255 846
147 554 1254 847
148 553 1253 848
149 552 1252 849
150 551 1251 850
151 550 1250 851
152 549 1249 852
153 548 1248 853
154 547 1247 854
155 546 1246 855
156 545 1245 856
157 544 1244 857
158 543 1243 858
159 542 1242 859
160 541 1241 860
161 540 1240 861
162 539 1239 862
163 538 1238 863
164 537 1237 864
165 536 1236 865
166 535 1235 866
167 534 1234 867
168 533 1233 868
169 532 1232 869
170 531 1231 870
171 530 1230 871
172 529 1229 872
173 528 1228 873
174 527 1227 874
175 526 1226 875
176 525 1225 876
177 524 1224 877
178 523 1223 878
179 522 1222 879
180 521 1221 880
181 520 1220 881
182 519 1219 882
183 518 1218 883
184 517 1217 884
185 516 1216 885
186 515 1215 886
187 514 1214 887
188 513 1213 888
189 512 1212 889
190 511 1211 890
191 510 1210 891
192 509 1209 892
193 508 1208 893
194 507 1207 894
195 506 1206 895
196 505 1205 896
197 504 1204 897
198 503 1203 898
199 502 1202 899
200 501 1201 900
201 500 1200 901
202 499 1199 902
203 498 1198 903
204 497 1197 904
205 496 1196 905
206 495 1195 906
207 494 1194 907
208 493 1193 908
209 492 1192 909
210 491 1191 910
211 490 1190 911
212 489 1189 912
213 488 1188 913
214 487 1187 914
215 486 1186 915
216 485 1185 916
217 484 1184 917
218 483 1183 918
219 482 1182 919
220 481 1181 920
221 480 1180 921
222 479 1179 922
223 478 1178 923
224 477 1177 924
225 476 1176 925
226 475 1175 926
227 474 1174 927
228 473 1173 928
229 472 1172 929
230 471 1171 930
231 470 1170 931
232 469 1169 932
233 468 1168 933
234 467 1167 934
235 466 1166 935
236 465 1165 936
237 464 1164 937
238 463 1163 938
239 462 1162 939
240 461 1161 940
241 460 1160 941
242 459 1159 942
243 458 1158 943
244 457 1157 944
245 456 1156 945
246 455 1155 946
247 454 1154 947
248 453 1153 948
249 452 1152 949
250 451 1151 950
251 450 1150 951
252 449 1149 952
253 448 1148 953
254 447 1147 954
255 446 1146 955
256 445 1145 956
257 444 1144 957
258 443 1143 958
259 442 1142 959
260 441 1141 960
261 440 1140 961
262 439 1139 962
263 438 1138 963
264 437 1137 964
265 436 1136 965
266 435 1135 966
267 434 1134 967
268 433 1133 968
269 432 1132 969
270 431 1131 970
271 430 1130 971
272 429 1129 972
273 428 1128 973
274 427 1127 974
275 426 1126 975
276 425 1125 976
277 424 1124 977
278 423 1123 978
279 422 1122 979
280 421 1121 980
281 420 1120 981
282 419 1119 982
283 418 1118 983
284 417 1117 984
285 416 1116 985
286 415 1115 986
287 414 1114 987
288 413 1113 988
289 412 1112 989
290 411 1111 990
291 410 1110 991
292 409 1109 992
293 408 1108 993
294 407 1107 994
295 406 1106 995
296 405 1105 996
297 404 1104 997
298 403 1103 998
299 402 1102 999
300 401 1101 1000
301 400 1100 1001
302 399 1099 1002
303 398 1098 1003
304 397 1097 1004
305 396 1096 1005
306 395 1095 1006
307 394 1094 1007
308 393 1093 1008
309 392 1092 1009
310 391 1091 1010
311 390 1090 1011
312 389 1089 1012
313 388 1088 1013
314 387 1087 1014
315 386 1086 1015
316 385 1085 1016
317 384 1084 1017
318 383 1083 1018
319 382 1082 1019
320 381 1081 1020
321 380 1080 1021
322 379 1079 1022
323 378 1078 1023
324 377 1077 1024
325 376 1076 1025
326 375 1075 1026
327 374 1074 1027
328 373 1073 1028
329 372 1072 1029
330 371 1071 1030
331 370 1070 1031
332 369 1069 1032
333 368 1068 1033
334 367 1067 1034
335 366 1066 1035
336 365 1065 1036
337 364 1064 1037
338 363 1063 1038
339 362 1062 1039
340 361 1061 1040
341 360 1060 1041
342 359 1059 1042
343 358 1058 1043
344 357 1057 1044
345 356 1056 1045
346 355 1055 1046
347 354 1054 1047
348 353 1053 1048
349 352 1052 1049
350 351 1051 1050
351 350 1050 1051
352 349 1049 1052
353 348 1048 1053
354 347 1047 1054
355 346 1046 1055
356 345 1045 1056
357 344 1044 1057
358 343 1043 1058
359 342 1042 1059
360 341 1041 1060
361 340 1040 1061
362 339 1039 1062
363 338 1038 1063
364 337 1037 1064
365 336 1036 1065
366 335 1035 1066
367 334 1034 1067
368 333 1033 1068
369 332 1032 1069
370 331 1031 1070
371 330 1030 1071
372 329 1029 1072
373 328 1028 1073
374 327 1027 1074
375 326 1026 1075
376 325 1025 1076
377 324 1024 1077
378 323 1023 1078
379 322 1022 1079
380 321 1021 1080
381 320 1020 1081
382 319 1019 1082
383 318 1018 1083
384 317 1017 1084
385 316 1016 1085
386 315 1015 1086
387 314 1014 1087
388 313 1013 1088
389 312 1012 1089
390 311 1011 1090
391 310 1010 1091
392 309 1009 1092
393 308 1008 1093
394 307 1007 1094
395 306 1006 1095
396 305 1005 1096
397 304 1004 1097
398 303 1003 1098
399 302 1002 1099
400 301 1001 1100
401 300 1000 1101
402 299 999 1102
403 298 998 1103
404 297 997 1104
405 296 996 1105
406 295 995 1106
407 294 994 1107
408 293 993 1108
409 292 992 1109
410 291 991 1110
411 290 990 1111
412 289 989 1112
413 288 988 1113
414 287 987 1114
415 286 986 1115
416 285 985 1116
417 284 984 1117
418 283 983 1118
419 282 982 1119
420 281 981 1120
421 280 980 1121
422 279 979 1122
423 278 978 1123
424 277 977 1124
425 276 976 1125
426 275 975 1126
427 274 974 1127
428 273 973 1128
429 272 972 1129
430 271 971 1130
431 270 970 1131
432 269 969 1132
433 268 968 1133
434 267 967 1134
435 266 966 1135
436 265 965 1136
437 264 964 1137
438 263 963 1138
439 262 962 1139
440 261 961 1140
441 260 960 1141
442 259 959 1142
443 258 958 1143
444 257 957 1144
445 256 956 1145
446 255 955 1146
447 254 954 1147
448 253 953 1148
449 252 952 1149
450 251 951 1150
451 250 950 1151
452 249 949 1152
453 248 948 1153
454 247 947 1154
455 246 946 1155
456 245 945 1156
457 244 944 1157
458 243 943 1158
459 242 942 1159
460 241 941 1160
461 240 940 1161
462 239 939 1162
463 238 938 1163
464 237 937 1164
465 236 936 1165
466 235 935 1166
467 234 934 1167
468 233 933 1168
469 232 932 1169
470 231 931 1170
471 230 930 1171
472 229 929 1172
473 228 928 1173
474 227 927 1174
475 226 926 1175
476 225 925 1176
477 224 924 1177
478 223 923 1178
479 222 922 1179
480 221 921 1180
481 220 920 1181
482 219 919 1182
483 218 918 1183
484 217 917 1184
485 216 916 1185
486 215 915 1186
487 214 914 1187
488 213 913 1188
489 212 912 1189
490 211 911 1190
491 210 910 1191
492 209 909 1192
493 208 908 1193
494 207 907 1194
495 206 906 1195
496 205 905 1196
497 204 904 1197
498 203 903 1198
499 202 902 1199
500 201 901 1200
501 200 900 1201
502 199 899 1202
503 198 898 1203
504 197 897 1204
505 196 896 1205
506 195 895 1206
507 194 894 1207
508 193 893 1208
509 192 892 1209
510 191 891 1210
511 190 890 1211
512 189 889 1212
513 188 888 1213
514 187 887 1214
515 186 886 1215
516 185 885 1216
517 184 884 1217
518 183 883 1218
519 182 882 1219
520 181 881 1220
521 180 880 1221
522 179 879 1222
523 178 878 1223
524 177 877 1224
525 176 876 1225
526 175 875 1226
527 174 874 1227
528 173 873 1228
529 172 872 1229
530 171 871 1230
531 170 870 1231
532 169 869 1232
533 168 868 1233
534 167 867 1234
535 166 866 1235
536 165 865 1236
537 164 864 1237
538 163 863 1238
539 162 862 1239
540 161 861 1240
541 160 860 1241
542 159 859 1242
543 158 858 1243
544 157 857 1244
545 156 856 1245
546 155 855 1246
547 154 854 1247
548 153 853 1248
549 152 852 1249
550 151 851 1250
551 150 850 1251
552 149 849 1252
553 148 848 1253
554 147 847 1254
555 146 846 1255
556 145 845 1256
557 144 844 1257
558 143 843 1258
559 142 842 1259
560 141 841 1260
561 140 840 1261
562 139 839 1262
563 138 838 1263
564 137 837 1264
565 136 836 1265
566 135 835 1266
567 134 834 1267
568 133 833 1268
569 132 832 1269
570 131 831 1270
571 130 830 1271
572 129 829 1272
573 128 828 1273
574 127 827 1274
575 126 826 1275
576 125 825 1276
577 124 824 1277
578 123 823 1278
579 122 822 1279
580 121 821 1280
581 120 820 1281
582 119 819 1282
583 118 818 1283
584 117 817 1284
585 116 816 1285
586 115 815 1286
587 114 814 1287
588 113 813 1288
589 112 812 1289
590 111 811 1290
591 110 810 1291
592 109 809 1292
593 108 808 1293
594 107 807 1294
595 106 806 1295
596 105 805 1296
597 104 804 1297
598 103 803 1298
599 102 802 1299
600 101 801 1300
601 100 800 1301
602 99 799 1302
603 98 798 1303
604 97 797 1304
605 96 796 1305
606 95 795 1306
607 94 794 1307
608 93 793 1308
609 92 792 1309
610 91 791 1310
611 90 790 1311
612 89 789 1312
613 88 788 1313
614 87 787 1314
615 86 786 1315
616 85 785 1316
617 84 784 1317
618 83 783 1318
619 82 782 1319
620 81 781 1320
621 80 780 1321
622 79 779 1322
623 78 778 1323
624 77 777 1324
625 76 776 1325
626 75 775 1326
627 74 774 1327
628 73 773 1328
629 72 772 1329
630 71 771 1330
631 70 770 1331
632 69 769 1332
633 68 768 1333
634 67 767 1334
635 66 766 1335
636 65 765 1336
637 64 764 1337
638 63 763 1338
639 62 762 1339
640 61 761 1340
641 60 760 1341
642 59 759 1342
643 58 758 1343
644 57 757 1344
645 56 756 1345
646 55 755 1346
647 54 754 1347
648 53 753 1348
649 52 752 1349
650 51 751 1350
651 50 750 1351
652 49 749 1352
653 48 748 1353
654 47 747 1354
655 46 746 1355
656 45 745 1356
657 44 744 1357
658 43 743 1358
659 42 742 1359
660 41 741 1360
661 40 740 1361
662 39 739 1362
663 38 738 1363
664 37 737 1364
665 36 736 1365
666 35 735 1366
667 34 734 1367
668 33 733 1368
669 32 732 1369
670 31 731 1370
671 30 730 1371
672 29 729 1372
673 28 728 1373
674 27 727 1374
675 26 726 1375
676 25 725 1376
677 24 724 1377
678 23 723 1378
679 22 722 1379
680 21 721 1380
681 20 720 1381
682 19 719 1382
683 18 718 1383
684 17 717 1384
685 16 716 1385
686 15 715 1386
687 14 714 1387
688 13 713 1388
689 12 712 1389
690 11 711 1390
691 10 710 1391
692 9 709 1392
693 8 708 1393
694 7 707 1394
695 6 706 1395
696 5 705 1396
697 4 704 1397
698 3 703 1398
699 2 702 1399
700 1 701 1400
